367264.04950116825 3451297.7928733616
367264.537862967 3451301.068959123
367264.97961555282 3451304.3413151186
367265.4021210582 3451307.5881688343
367265.83274161583 3451310.7877477608
367266.29883935803 3451313.9182793843
367266.80386820441 3451316.9551719334
367267.25564922293 3451319.8625565832
367267.53809526865 3451322.6017452516
367267.53511919646 3451325.1340498514
367267.13063386147 3451327.4207822988
367266.23980625684 3451329.4354307745
367264.9028199279 3451331.2001885157
367263.19111255818 3451332.7494250252
367261.17612183129 3451334.1175098065
367258.9292854307 3451335.3388123624
367256.52372191177 3451336.4609406991
367254.03927331732 3451337.5844568345
367251.55746256182 3451338.8231612905
367249.15981256001 3451340.2908545886
367246.92784622632 3451342.1013372513
367244.91541370464 3451344.3196196263
367243.06567405624 3451346.8155513764
367241.29411357123 3451349.4101919876
367239.51621854008 3451351.9246009481
367237.64747525321 3451354.1798377465
367235.6160951241 3451356.0285303434
367233.40119005914 3451357.4495805888
367230.99459708779 3451358.4534588032
367228.38815323962 3451359.0506353104
367225.5736955441 3451359.2515804316
367222.54829055228 3451359.0789464558
367219.32992290141 3451358.6041135332
367215.94180675043 3451357.9106437801
367212.40715625789 3451357.0820993125
367208.74918558274 3451356.2020422481
367204.98974597122 3451355.3389208629
367201.14523701981 3451354.5007280735
367197.23069541232 3451353.6803429583
367195.25186132634 3451353.2746029892
367193.26115783269 3451352.8706445922
367191.26046451711 3451352.4675776521
367189.25166096492 3451352.0645120535
367187.23654358258 3451351.6606507329
367185.21657605987 3451351.2555688303
367183.19313890778 3451350.8489345382
367181.1676126371 3451350.4404160478
367179.14137775853 3451350.0296815527
367177.11581478291 3451349.6163992439
367175.09230422106 3451349.2002373138
367173.07222658384 3451348.7808639556
367171.05696238205 3451348.3579473603
367169.04789212643 3451347.9311557198
367167.04631819203 3451347.5005581826
367165.05323041067 3451347.0678277179
367163.06954047852 3451346.6350382501
367161.09616009146 3451346.2042637053
367159.13400094555 3451345.7775780074
367155.24699316145 3451344.944768854
367151.41581069457 3451344.1532021896
367147.64855363482 3451343.4181443183
367143.97187206789 3451342.7243843451
367140.43096607545 3451342.0262341751
367137.07184226072 3451341.2766806167
367133.94050722686 3451340.4287104807
367131.08179553872 3451339.4363604416
367128.51358487888 3451338.2778140986
367126.22679604724 3451336.9554019677
367124.21117780573 3451335.4725044346
367122.45647891611 3451333.8325018836
367120.95395595254 3451332.0400913404
367119.72954517108 3451330.130252541
367118.84386251029 3451328.168247933
367118.35903172084 3451326.2206566064
367118.51927850023 3451323.4719362743
367119.84671464394 3451321.063894955
367121.28101041995 3451319.5992547553
367123.05267262424 3451318.1874422007
367125.07418332889 3451316.7772439457
367127.25953931024 3451315.3187337597
367129.55757554487 3451313.7915889318
367131.95196520956 3451312.2050902806
367134.42789618549 3451310.5698057325
367136.97055635386 3451308.8963032137
367139.56531122845 3451307.1949660485
367142.20161187492 3451305.4719317239
367144.87299491075 3451303.7290918878
367147.57317458611 3451301.9681535861
367150.29586515122 3451300.1908238661
367153.03487425006 3451298.3988140752
367155.78615758853 3451296.5939345239
367158.54781893338 3451294.7780944803
367161.31805544603 3451292.9532075175
367164.09506428731 3451291.1211872073
367166.87708406034 3451289.2839595801
367169.66330653202 3451287.4437371977
367172.45387663291 3451285.6030191504
367175.24898073589 3451283.7643169905
367178.04880521342 3451281.9301422681
367180.85342465388 3451280.1028721449
367183.66034260596 3451278.2817928842
367186.46449157875 3451276.4630998434
367189.26069229684 3451274.6428539981
367192.04376548505 3451272.8171163192
367194.80870721745 3451270.9822212625
367197.55454660376 3451269.1407933785
367200.28434578917 3451267.3017473156
367203.00134226843 3451265.4742712025
367205.70877353626 3451263.6675531701
367208.40947750164 3451261.8904461642
367211.09710160369 3451260.1440939456
367213.75610281172 3451258.4219310852
367216.37053850928 3451256.7170569724
367218.92446608021 3451255.0225709961
367221.40253409609 3451253.3326131646
367223.80298845482 3451251.6652577003
367226.1376723806 3451250.0625130404
367228.4190202856 3451248.5674282424
367230.659466582 3451247.2230523638
367232.8702530837 3451246.0723289317
367235.03519184201 3451245.1557743223
367237.11066514556 3451244.511477761
367239.95810482115 3451244.1386060962
367242.35439008643 3451244.589921115
367244.2825382484 3451245.8684325092
367245.93024604843 3451247.7862937162
367247.50281706126 3451250.1392404321
367248.59970477794 3451251.8533964986
367249.74846640747 3451253.6377090802
367250.94312395743 3451255.4597474937
367252.17769943527 3451257.287081053
367253.44621484849 3451259.087279073
367254.73471041222 3451260.843281853
367255.99729917193 3451262.5995136341
367257.18011238083 3451264.4157696413
367258.22928129218 3451266.351845101
367259.09093715902 3451268.4675352382
367259.73196359782 3451270.8073666273
367260.20225367817 3451273.354791231
367260.57245283271 3451276.0779923606
367260.91320649412 3451278.9451533291
367261.29516009521 3451281.9244574453
367261.77099093923 3451284.9873146801
367262.32150381216 3451288.1180416327
367262.9095353703 3451291.304181559
367263.49792227015 3451294.5332777165